     帐号           日期       柜员 交易套号 套内序号 起始日           交易金额      备注     
366258341155  20190501                           20190501            843.00   104330880629408-龙游县中医医院-微信支付宝入账
366258341155  20190501                           20190501         27,478.38   104330880629401-龙游县中医医院-微信支付宝入账
366258341155  20190501                           20190501         24,337.94   104330880629415-龙游县中医医院-微信支付宝入账
366258341155  20190501                           20190501            256.50   104330880629409-龙游县中医医院-微信支付宝入账
366258341155  20190501                           20190501          7,120.00   门诊收入                                     
366258341155  20190501                           20190501         14,634.94   门诊收入                                     
366258341155  20190501                           20190501          4,676.52   门诊收入                                     
366258341155  20190501                           20190501         10,439.90   门诊收入                                     
366258341155  20190501                           20190501          6,317.63   门诊收入                                     
366258341155  20190501                           20190501          2,693.27   门诊收入                                     
366258341155  20190501                           20190501         18,727.40   门诊收入                                     
366258341155  20190501                           20190501            629.00   停车收入                                     
366258341155  20190501                           20190501          2,089.35   住院收入                                     
366258341155  20190501                           20190501         58,400.00   住院收入                                     
366258341155  20190501                           20190501          3,830.00   病历卡                                       
366258341155  20190501                           20190501          4,693.76   门诊收入                                     
366258341155  20190501                           20190501         28,772.59   133415251                                    
366258341155  20190502                           20190502         37,062.63   104330880629415-龙游县中医医院-微信支付宝入账
366258341155  20190502                           20190502            408.50   104330880629409-龙游县中医医院-微信支付宝入账
366258341155  20190502                           20190502         29,412.79   104330880629401-龙游县中医医院-微信支付宝入账
366258341155  20190502                           20190502         14,826.33   门诊收入                                     
366258341155  20190502                           20190502          5,076.29   住院收入                                     
366258341155  20190502                           20190502         22,500.00   住院收入                                     
366258341155  20190502                           20190502          2,816.36   门诊收入                                     
366258341155  20190502                           20190502         10,354.40   门诊收入                                     
366258341155  20190502                           20190502         10,082.91   门诊收入                                     
366258341155  20190502                           20190502            821.50   停车收入                                     
366258341155  20190502                           20190502          1,643.73   门诊收入                                     
366258341155  20190502                           20190502          5,056.61   门诊收入                                     
366258341155  20190503                           20190503            363.00   104330880629409-龙游县中医医院-微信支付宝入账
366258341155  20190503                           20190503         24,162.92   104330880629401-龙游县中医医院-微信支付宝入账
366258341155  20190503                           20190503         46,837.59   104330880629415-龙游县中医医院-微信支付宝入账
366258341155  20190503                           20190503         44,500.00   住院收入                                     
366258341155  20190503                           20190503          8,408.89   门诊收入                                     
366258341155  20190503                           20190503          3,747.18   门诊收入                                     
366258341155  20190503                           20190503         13,550.85   门诊收入                                     
366258341155  20190503                           20190503            694.50   停车收入                                     
366258341155  20190503                           20190503         11,617.03   门诊收入                                     
366258341155  20190503                           20190503         13,551.81   门诊收入                                     
366258341155  20190504                           20190504         20,908.63   104330880629401-龙游县中医医院-微信支付宝入账
366258341155  20190504                           20190504            271.50   104330880629409-龙游县中医医院-微信支付宝入账
366258341155  20190504                           20190504         25,179.48   104330880629415-龙游县中医医院-微信支付宝入账
366258341155  20190504                           20190504          6,308.57   门诊收入                                     
366258341155  20190504                           20190504         11,057.44   门诊收入                                     
366258341155  20190504                           20190504         10,171.60   门诊收入                                     
366258341155  20190504                           20190504          4,677.72   门诊收入                                     
366258341155  20190504                           20190504          2,680.91   门诊收入                                     
366258341155  20190504                           20190504            622.50   停车收入                                     
366258341155  20190504                           20190504          2,023.00   住院收入                                     
366258341155  20190504                           20190504         38,000.00   住院收入                                     
366258341155  20190505                           20190505          4,065.69   433530400010433088062940120190501000009     0
366258341155  20190505                           20190505         60,468.03   433530400010433088062941520190501000012     0
366258341155  20190505                           20190505          8,842.93   433530400010433088062941520190502000009     0
366258341155  20190505                           20190505          7,864.62   433530400010433088062940120190502000016     0
366258341155  20190505                           20190505          3,196.62   433530400010433088062940120190503000006     0
366258341155  20190505                           20190505         20,806.45   433530400010433088062941520190503000014     0
366258341155  20190505                           20190505          2,724.41   433530400010433088062940120190504000013     0
366258341155  20190505                           20190505         21,031.76   433530400010433088062941520190504000012     0
366258341155  20190505                           20190505         23,148.94   433530400010433088062941520190505000011     0
366258341155  20190505                           20190505          1,880.00   433530400010433088062940120190505000005     0
366258341155  20190505                           20190505        444,725.60   101646870/一户通                             
366258341155  20190505                           20190505        235,221.20   101644644/一户通                             
366258341155  20190505                           20190505         32,925.40   101646886/一户通                             
366258341155  20190505                           20190505         40,637.10   101644651/一户通                             
366258341155  20190505                           20190505        145,441.77   101649683/一户通                             
366258341155  20190505                           20190505      1,199,380.80   101655311/一户通                             
366258341155  20190505                           20190505         41,230.00   101652882/一户通                             
366258341155  20190505                           20190505         77,740.50   101638993/一户通                             
366258341155  20190505                           20190505        576,704.02   101658473/一户通                             
366258341155  20190505                           20190505          9,308.00   101644691/一户通                             
366258341155  20190505                           20190505        118,050.00   101660075/一户通                             
366258341155  20190505                           20190505         11,559.55   101644734/一户通                             
366258341155  20190505                           20190505        205,611.40   101658589/一户通                             
366258341155  20190505                           20190505         31,072.19   101653023/一户通                             
366258341155  20190505                           20190505          7,240.00   101658631/一户通                             
366258341155  20190505                           20190505        198,363.20   101653030/一户通                             
366258341155  20190505                           20190505          1,740.00   101655451/一户通                             
366258341155  20190505                           20190505         12,111.00   101647060/一户通                             
366258341155  20190505                           20190505          4,426.00   101649852/一户通                             
366258341155  20190505                           20190505         26,030.00   101641864/一户通                             
366258341155  20190505                           20190505        116,520.00   101653135/一户通                             
366258341155  20190505                           20190505         13,914.00   101655565/一户通                             
366258341155  20190505                           20190505          2,106.05   101653196/一户通                             
366258341155  20190505                           20190505            250.00   101647138/一户通                             
366258341155  20190505                           20190505         19,000.00   101641957/一户通                             
366258341155  20190505                           20190505         42,896.70   101658818/一户通                             
366258341155  20190505                           20190505         23,144.44   101649973/一户通                             
366258341155  20190505                           20190505          3,258.00   101647219/一户通                             
366258341155  20190505                           20190505          8,250.00   101650004/一户通                             
366258341155  20190505                           20190505          8,250.00   101663158/一户通                             
366258341155  20190505                           20190505         80,023.74   101659000/一户通                             
366258341155  20190505                           20190505            500.00   101663170/一户通                             
366258341155  20190505                           20190505         95,871.57   101653513/一户通                             
366258341155  20190505                           20190505          5,063.34   101660515/一户通                             
366258341155  20190505                           20190505            675.00   101647376/一户通                             
366258341155  20190505                           20190505          1,980.00   101650240/一户通                             
366258341155  20190505                           20190505         10,440.00   101666249/一户通                             
366258341155  20190505                           20190505          2,334.00   101659113/一户通                             
366258341155  20190505                           20190505         10,791.16   101653583/一户通                             
366258341155  20190505                           20190505         11,448.80   101650301/一户通                             
366258341155  20190505                           20190505          2,500.00   101653592/一户通                             
366258341155  20190505                           20190505        188,494.76   101666451/一户通                             
366258341155  20190505                           20190505         33,735.34   101650486/一户通                             
366258341155  20190505                           20190505            320.00   101653836/一户通                             
366258341155  20190505                           20190505         14,091.98   104330880629415-龙游县中医医院-微信支付宝入账
366258341155  20190505                           20190505            222.00   104330880629409-龙游县中医医院-微信支付宝入账
366258341155  20190505                           20190505         17,905.43   104330880629401-龙游县中医医院-微信支付宝入账
366258341155  20190505                           20190505         16,000.00   住院收入                                     
366258341155  20190505                           20190505          3,517.26   住院收入                                     
366258341155  20190505                           20190505            588.00   停车收入                                     
366258341155  20190505                           20190505          3,458.96   门诊收入                                     
366258341155  20190505                           20190505          3,734.09   门诊收入                                     
366258341155  20190505                           20190505          5,482.65   门诊收入                                     
366258341155  20190505                           20190505         18,309.41   门诊收入                                     
366258341155  20190505                           20190505         10,090.33   门诊收入                                     
366258341155  20190505                           20190505         15,126.31   门诊收入                                     
366258341155  20190505                           20190505            674.45   152653873                                    
366258341155  20190505                           20190505            791.75   152851069                                    
366258341155  20190505                           20190505          5,000.00   BEPS104341400365  2019050689417197/油费/油费 
366258341155  20190505                           20190505              5.00   对公跨行转账汇款手续费                       
366258341155  20190506                           20190506         25,582.90   433530400010433088062941520190506000007     0
366258341155  20190506                           20190506          5,686.10   433530400010433088062940120190506000014     0
366258341155  20190506                           20190506             76.50   104330880629409-龙游县中医医院-微信支付宝入账
366258341155  20190506                           20190506            670.50   104330880629408-龙游县中医医院-微信支付宝入账
366258341155  20190506                           20190506         10,777.82   104330880629415-龙游县中医医院-微信支付宝入账
366258341155  20190506                           20190506          8,951.66   104330880629401-龙游县中医医院-微信支付宝入账
366258341155  20190506                           20190506         10,014.34   门诊收入                                     
366258341155  20190506                           20190506            570.00   停车费                                       
366258341155  20190506                           20190506         42,000.00   住院收入                                     
366258341155  20190506                           20190506         19,297.46   门诊收入                                     
366258341155  20190506                           20190506          1,115.01   门诊收入                                     
366258341155  20190506                           20190506          3,524.31   门诊收入                                     
366258341155  20190506                           20190506          5,990.78   住院收入                                     
366258341155  20190506                           20190506         13,384.94   门诊收入                                     
366258341155  20190506                           20190506         46,491.71   HVPS102331002261  2019050646642820/异地就医  
366258341155  20190507                           20190507          3,035.42   433530400010433088062940120190507000015     0
366258341155  20190507                           20190507         11,538.00   433530400010433088062941520190507000010     0
366258341155  20190507                           20190507         17,667.28   104330880629401-龙游县中医医院-微信支付宝入账
366258341155  20190507                           20190507         16,390.48   104330880629415-龙游县中医医院-微信支付宝入账
366258341155  20190507                           20190507          2,283.50   104330880629408-龙游县中医医院-微信支付宝入账
366258341155  20190507                           20190507            207.00   104330880629409-龙游县中医医院-微信支付宝入账
366258341155  20190507                           20190507         16,178.04   104330880629401-龙游县中医医院-微信支付宝入账
366258341155  20190507                           20190507            163.50   104330880629409-龙游县中医医院-微信支付宝入账
366258341155  20190507                           20190507          1,000.00   104330880629415-龙游县中医医院-微信支付宝入账
366258341155  20190507                           20190507            380.00   104330880629408-龙游县中医医院-微信支付宝入账
366258341155  20190507                           20190507        105,636.96   67087665/2019050775173555 龙游县中医医院 3308
366258341155  20190507                           20190507        919,501.91   67092248/2019050775177703 龙游县中医医院 3308
366258341155  20190507                           20190507          7,008.69   67092218/2019050775173747 龙游县中医医院 3308
366258341155  20190507                           20190507         12,321.23   住院收入                                     
366258341155  20190507                           20190507         33,000.00   住院收入                                     
366258341155  20190507                           20190507            604.50   停车收入                                     
366258341155  20190507                           20190507         25,604.73   门诊收入                                     
366258341155  20190507                           20190507         12,562.32   门诊收入                                     
366258341155  20190507                           20190507         20,598.46   门诊收入                                     
366258341155  20190507                           20190507         14,285.94   门诊收入                                     
366258341155  20190507                           20190507          2,872.24   门诊收入                                     
366258341155  20190507                           20190507          5,398.05   门诊收入                                     
366258341155  20190508                           20190508          3,050.00   433530400010433088062940820190508000001     0
366258341155  20190508                           20190508         27,521.96   433530400010433088062941520190508000014     0
366258341155  20190508                           20190508          4,335.56   433530400010433088062940120190508000011     0
366258341155  20190508                           20190508          1,760.00   体检费/OBSS019905426542GIRO000000000000      
366258341155  20190508                           20190508          2,000.00   BEPS104341400365  2019050890605607/2018-2019 
366258341155  20190508                           20190508              5.00   对公跨行转账汇款手续费                       
366258341155  20190508                           20190508         15,414.00   A0065263C12019050800001002/OBSS019906470837GI
366258341155  20190508                           20190508          2,867.00   A0065263C12019050800001003/OBSS019862467688GI
366258341155  20190508                           20190508        918,452.44   A0065263C12019050800001001/OBSS019862424099GI
366258341155  20190508                           20190508            220.05   104330880629409-龙游县中医医院-微信支付宝入账
366258341155  20190508                           20190508         22,504.88   104330880629415-龙游县中医医院-微信支付宝入账
366258341155  20190508                           20190508         21,956.66   104330880629401-龙游县中医医院-微信支付宝入账
366258341155  20190508                           20190508          2,424.00   104330880629408-龙游县中医医院-微信支付宝入账
366258341155  20190508                           20190508          4,874.86   128433388/电信联网                           
366258341155  20190508                           20190508          2,908.83   门诊收入                                     
366258341155  20190508                           20190508          8,475.26   门诊收入                                     
366258341155  20190508                           20190508         12,427.29   门诊收入                                     
366258341155  20190508                           20190508         10,245.27   门诊收入                                     
366258341155  20190508                           20190508            599.74   139881063/移动对公批扣                       
366258341155  20190508                           20190508         23,446.95   门诊收入                                     
366258341155  20190508                           20190508         34,000.00   住院收入                                     
366258341155  20190508                           20190508          6,083.60   住院收入                                     
366258341155  20190508                           20190508            124.70   148758467                                    
366258341155  20190508                           20190508          8,102.44   67479304/2019050875573910 龙游县中医医院 3308
366258341155  20190508                           20190508          1,052.45   BEPS105341200013  2019050920209148/201903定点
366258341155  20190509                           20190509          9,609.80   433530400010433088062940120190509000013     0
366258341155  20190509                           20190509         31,055.58   433530400010433088062941520190509000008     0
366258341155  20190509                           20190509         89,432.34   HVPS102341020006  2019050950526694/特殊人员医
366258341155  20190509                           20190509      1,149,071.00   A0065263C12019050900001001/绩效工资/OBSS01997
366258341155  20190509                           20190509         14,639.32   104330880629401-龙游县中医医院-微信支付宝入账
366258341155  20190509                           20190509         20,349.18   104330880629415-龙游县中医医院-微信支付宝入账
366258341155  20190509                           20190509            172.50   104330880629409-龙游县中医医院-微信支付宝入账
366258341155  20190509                           20190509          1,525.00   104330880629408-龙游县中医医院-微信支付宝入账
366258341155  20190509                           20190509          6,725.70   门诊收入                                     
366258341155  20190509                           20190509          2,763.76   门诊收入                                     
366258341155  20190509                           20190509          2,701.55   住院收入                                     
366258341155  20190509                           20190509         39,000.00   住院收入                                     
366258341155  20190509                           20190509         20,137.94   门诊收入                                     
366258341155  20190509                           20190509         14,649.52   门诊收入                                     
366258341155  20190509                           20190509          9,376.42   门诊收入                                     
366258341155  20190509                           20190509            577.00   停车收入                                     
366258341155  20190509                           20190509            463.50   停车收入                                     
366258341155  20190510                           20190510          1,962.84   433530400010433088062940120190510000008     0
366258341155  20190510                           20190510          7,315.07   433530400010433088062941520190510000006     0
366258341155  20190510                           20190510          3,123.00   433530400010433088062940820190510000002     0
366258341155  20190510                           20190510            125.39   HVPS102341020006  2019051052474402/定点医疗机
366258341155  20190510                           20190510          2,761.00   104330880629408-龙游县中医医院-微信支付宝入账
366258341155  20190510                           20190510         27,051.48   104330880629415-龙游县中医医院-微信支付宝入账
366258341155  20190510                           20190510            274.50   104330880629409-龙游县中医医院-微信支付宝入账
366258341155  20190510                           20190510         17,880.04   104330880629401-龙游县中医医院-微信支付宝入账
366258341155  20190510                           20190510          7,785.00   驾驶员体检费                                 
366258341155  20190510                           20190510             60.00   A0065263C12019051000001001/OBSS020039880930GI
366258341155  20190510                           20190510          7,237.00   A0065263C12019051000001002/绩效工资/OBSS02003
366258341155  20190510                           20190510          7,744.15   A0065263C12019051000001003/绩效工资/OBSS02003
366258341155  20190510                           20190510         36,659.00   BEPS104341400365  2019051092127982/新生儿筛查
366258341155  20190510                           20190510             10.00   对公跨行转账汇款手续费                       
366258341155  20190510                           20190510            221.00   BEPS104341400365  2019051092128000/邮寄费/邮 
366258341155  20190510                           20190510              5.00   对公跨行转账汇款手续费                       
366258341155  20190510                           20190510         15,447.00   BEPS104341400365  2019051092128010/餐费/餐费 
366258341155  20190510                           20190510             10.00   对公跨行转账汇款手续费                       
366258341155  20190510                           20190510          3,983.53   BEPS104341400365  2019051092128006/车辆保险/ 
366258341155  20190510                           20190510              5.00   对公跨行转账汇款手续费                       
366258341155  20190510                           20190510         35,000.00   BEPS104341400365  2019051092128012/印刷费/印 
366258341155  20190510                           20190510             10.00   对公跨行转账汇款手续费                       
366258341155  20190510                           20190510          7,234.00   BEPS104341400365  2019051092128020/修缮费/修 
366258341155  20190510                           20190510              5.00   对公跨行转账汇款手续费                       
366258341155  20190510                           20190510         12,784.90   A0065263C12019051000001004/OBSS020050696737GI
366258341155  20190510                           20190510          6,099.90   A0065263C12019051000001004/OBSS020050696737GI
366258341155  20190510                           20190510          6,875.25   门诊收入                                     
366258341155  20190510                           20190510          3,082.80   门诊收入                                     
366258341155  20190510                           20190510            345.00   门诊收入(停车收入）                          
366258341155  20190510                           20190510          2,741.92   门诊收入                                     
366258341155  20190510                           20190510          5,737.01   住院收入                                     
366258341155  20190510                           20190510         45,000.00   住院收入                                     
366258341155  20190510                           20190510         13,123.80   门诊收入                                     
366258341155  20190510                           20190510         18,256.09   门诊收入                                     
366258341155  20190510                           20190510         21,093.20   162079318                                    
366258341155  20190511                           20190511            259.50   104330880629409-龙游县中医医院-微信支付宝入账
366258341155  20190511                           20190511          3,806.55   104330880629408-龙游县中医医院-微信支付宝入账
366258341155  20190511                           20190511         31,785.35   104330880629401-龙游县中医医院-微信支付宝入账
366258341155  20190511                           20190511         15,725.88   104330880629415-龙游县中医医院-微信支付宝入账
366258341155  20190511                           20190511            375.00   停车收入                                     
366258341155  20190511                           20190511         10,920.00   住院收入                                     
366258341155  20190511                           20190511         30,000.00   住院收入                                     
366258341155  20190511                           20190511          1,042.57   门诊收入                                     
366258341155  20190511                           20190511          5,921.42   门诊收入                                     
366258341155  20190511                           20190511          3,753.76   门诊收入                                     
366258341155  20190511                           20190511         19,428.38   门诊收入                                     
366258341155  20190511                           20190511         10,394.95   门诊收入                                     
366258341155  20190512                           20190512         16,422.57   104330880629401-龙游县中医医院-微信支付宝入账
366258341155  20190512                           20190512            199.50   104330880629409-龙游县中医医院-微信支付宝入账
366258341155  20190512                           20190512         14,194.80   104330880629415-龙游县中医医院-微信支付宝入账
366258341155  20190512                           20190512         11,419.30   门诊收入                                     
366258341155  20190512                           20190512            442.50   停车费                                       
366258341155  20190512                           20190512          5,927.09   门诊收入                                     
366258341155  20190512                           20190512          6,098.01   门诊收入                                     
366258341155  20190512                           20190512          2,631.48   门诊收入                                     
366258341155  20190512                           20190512         10,051.03   门诊收入                                     
366258341155  20190512                           20190512          6,650.00   住院收入                                     
366258341155  20190512                           20190512         32,500.00   住院收入                                     
366258341155  20190513                           20190513         18,888.11   433530400010433088062941520190511000012     0
366258341155  20190513                           20190513          3,430.01   433530400010433088062940120190511000008     0
366258341155  20190513                           20190513         10,152.80   4335304000104330880629415190512000010     0.0
366258341155  20190513                           20190513          6,563.49   4335304000104330880629401190512000009     0.0
366258341155  20190513                           20190513          6,000.00   4335304000104330880629415190513000004     0.0
366258341155  20190513                           20190513          6,876.74   4335304000104330880629401190513000011     0.0
366258341155  20190513                           20190513          1,168.09   68275141/2019051376926734 龙游县中医医院 3308
366258341155  20190513                           20190513            116.80   68275515/2019051376920754 龙游县中医医院 3308
366258341155  20190513                           20190513          3,000.00   3252900000122019051330503049/太保产险刘樟生。
366258341155  20190513                           20190513         18,517.57   104330880629415-龙游县中医医院-微信支付宝入账
366258341155  20190513                           20190513            199.50   104330880629409-龙游县中医医院-微信支付宝入账
366258341155  20190513                           20190513         19,691.22   104330880629401-龙游县中医医院-微信支付宝入账
366258341155  20190513                           20190513         20,000.00   BEPS402341400276  2019051312248025/医药费    
366258341155  20190513                           20190513          3,705.45   住院收入                                     
366258341155  20190513                           20190513         13,681.62   门诊收入                                     
366258341155  20190513                           20190513          9,000.00   住院收入                                     
366258341155  20190513                           20190513          6,789.91   HVPS102341020006  2019051355536296/2019年3月 
366258341155  20190513                           20190513            738.56   HVPS102341020006  2019051355538240/2019年3月 
366258341155  20190513                           20190513             43.29   HVPS102341020006  2019051355538436/2019年3月 
366258341155  20190513                           20190513         15,481.88   门诊收入                                     
366258341155  20190513                           20190513         10,515.61   门诊收入                                     
366258341155  20190513                           20190513          3,410.62   门诊收入                                     
366258341155  20190513                           20190513          3,533.38   门诊收入                                     
366258341155  20190513                           20190513            469.50   停车收入                                     
366258341155  20190514                           20190514         22,406.41   4335304000104330880629415190514000010     0.0
366258341155  20190514                           20190514            200.00   4335304000104330880629408190514000001     0.0
366258341155  20190514                           20190514          3,019.85   4335304000104330880629401190514000008     0.0
366258341155  20190514                           20190514         57,750.00   HVPS102341020006  2019051456292724/疾控中心-2
366258341155  20190514                           20190514         12,600.00   BEPS102341020006  2019051429118940/疾控中心-2
366258341155  20190514                           20190514        155,805.00   HVPS104341400365  2019051456664833/餐费/餐费 
366258341155  20190514                           20190514             15.00   对公跨行转账汇款手续费                       
366258341155  20190514                           20190514        208,108.13   A0065263C12019051400001001/OBSS020250710843GI
366258341155  20190514                           20190514         18,321.07   104330880629401-龙游县中医医院-微信支付宝入账
366258341155  20190514                           20190514         24,928.42   104330880629415-龙游县中医医院-微信支付宝入账
366258341155  20190514                           20190514            313.50   104330880629409-龙游县中医医院-微信支付宝入账
366258341155  20190514                           20190514          1,073.50   104330880629408-龙游县中医医院-微信支付宝入账
366258341155  20190514                           20190514            630.00   BEPS402341400401  2019051412562536/106502-实 
366258341155  20190514                           20190514          6,500.00   BEPS104341400365  2019051493646779/卫材/卫材 
366258341155  20190514                           20190514              5.00   对公跨行转账汇款手续费                       
366258341155  20190514                           20190514            511.50   停车收入                                     
366258341155  20190514                           20190514          3,280.71   门诊收入                                     
366258341155  20190514                           20190514          3,070.06   门诊收入                                     
366258341155  20190514                           20190514         16,442.33   门诊收入                                     
366258341155  20190514                           20190514         20,163.17   门诊收入                                     
366258341155  20190514                           20190514         16,511.08   门诊收入                                     
366258341155  20190514                           20190514          7,674.36   住院收入                                     
366258341155  20190514                           20190514         24,000.00   住院收入                                     
366258341155  20190515                           20190515         28,514.84   4335304000104330880629415190515000011     0.0
366258341155  20190515                           20190515          2,638.22   4335304000104330880629401190515000010     0.0
366258341155  20190515                           20190515          6,099.90   A0065263C12019051500001001/OBSS020322525883GI
366258341155  20190515                           20190515            425.00   A0065263C12019051500001002/OBSS020322591665GI
366258341155  20190515                           20190515          6,000.00   1040331006635312/病历质控奖                  
366258341155  20190515                           20190515         15,514.00   1040331006635311/服装费                      
366258341155  20190515                           20190515         14,474.00   1040331006635313/药贴奖励                    
366258341155  20190515                           20190515            500.00   住院收入                                     
366258341155  20190515                           20190515              0.45   停车收入                                     
366258341155  20190515                           20190515            833.04   BEPS103341079999  2019051515706279/龙游县中医
366258341155  20190515                           20190515            265.50   104330880629409-龙游县中医医院-微信支付宝入账
366258341155  20190515                           20190515         24,409.08   104330880629401-龙游县中医医院-微信支付宝入账
366258341155  20190515                           20190515          2,329.50   104330880629408-龙游县中医医院-微信支付宝入账
366258341155  20190515                           20190515         40,583.93   104330880629415-龙游县中医医院-微信支付宝入账
366258341155  20190515                           20190515            345.00   门诊收入                                     
366258341155  20190515                           20190515          1,035.00   门诊收入                                     
366258341155  20190515                           20190515         10,577.03   门诊收入                                     
366258341155  20190515                           20190515         13,847.75   门诊收入                                     
366258341155  20190515                           20190515         18,052.50   门诊收入                                     
366258341155  20190515                           20190515          2,903.66   门诊收入                                     
366258341155  20190515                           20190515          8,517.45   门诊收入                                     
366258341155  20190515                           20190515         14,195.25   门诊收入                                     
366258341155  20190515                           20190515         14,069.65   门诊收入                                     
366258341155  20190515                           20190515            483.00   停车收入                                     
366258341155  20190515                           20190515         50,000.00   住院收入                                     
366258341155  20190515                           20190515         15,465.74   住院收入                                     
366258341155  20190516                           20190516          3,268.80   4335304000104330880629401190516000009     0.0
366258341155  20190516                           20190516          7,145.26   4335304000104330880629415190516000006     0.0
366258341155  20190516                           20190516        700,604.00   衢州市住房公积金管理中心                     
366258341155  20190516                           20190516         10,000.00   1021000999962019051639783908/000002D2AMKK，浙
366258341155  20190516                           20190516         13,843.05   104330880629401-龙游县中医医院-微信支付宝入账
366258341155  20190516                           20190516          2,122.00   104330880629408-龙游县中医医院-微信支付宝入账
366258341155  20190516                           20190516            286.00   104330880629409-龙游县中医医院-微信支付宝入账
366258341155  20190516                           20190516         31,240.84   104330880629415-龙游县中医医院-微信支付宝入账
366258341155  20190516                           20190516            595.90   BEPS103341079999  2019051622747709/龙游县中医
366258341155  20190516                           20190516         33,000.00   住院收入                                     
366258341155  20190516                           20190516          4,195.47   住院收入                                     
366258341155  20190516                           20190516            585.50   门诊收入                                     
366258341155  20190516                           20190516          8,174.95   门诊收入                                     
366258341155  20190516                           20190516         15,848.72   门诊收入                                     
366258341155  20190516                           20190516         15,554.07   门诊收入                                     
366258341155  20190516                           20190516          4,949.88   门诊收入                                     
366258341155  20190516                           20190516          2,164.39   门诊收入                                     
366258341155  20190517                           20190517          2,193.25   4335304000104330880629401190517000006     0.0
366258341155  20190517                           20190517         15,570.04   4335304000104330880629415190517000009     0.0
366258341155  20190517                           20190517         91,056.84   HVPS104341400365  2019051757456962/保洁费/保 
366258341155  20190517                           20190517             10.00   对公跨行转账汇款手续费                       
366258341155  20190517                           20190517          3,400.00   A0065263C12019051700001001/OBSS020398489100GI
366258341155  20190517                           20190517          1,453.14   BEPS103341079999  2019051713191385/龙游县中医
366258341155  20190517                           20190517         46,930.17   BEPS103341079999  2019051715071746/龙游县中医
366258341155  20190517                           20190517          1,116.11   BEPS103341079999  2019051715822720/龙游县中医
366258341155  20190517                           20190517             84.00   BEPS105341500016  2019051731321509/医药费    
366258341155  20190517                           20190517            681.56   BEPS103341079999  2019051714955997/龙游县中医
366258341155  20190517                           20190517            271.50   104330880629409-龙游县中医医院-微信支付宝入账
366258341155  20190517                           20190517         23,068.01   104330880629415-龙游县中医医院-微信支付宝入账
366258341155  20190517                           20190517         17,656.95   104330880629401-龙游县中医医院-微信支付宝入账
366258341155  20190517                           20190517          1,020.60   104330880629408-龙游县中医医院-微信支付宝入账
366258341155  20190517                           20190517          5,115.00   驾驶员体检费                                 
366258341155  20190517                           20190517         44,000.00   住院收入                                     
366258341155  20190517                           20190517          3,425.08   住院收入                                     
366258341155  20190517                           20190517         16,400.66   门诊收入                                     
366258341155  20190517                           20190517          2,653.43   门诊收入                                     
366258341155  20190517                           20190517          6,343.44   门诊收入                                     
366258341155  20190517                           20190517         16,651.56   门诊收入                                     
366258341155  20190517                           20190517          8,662.70   门诊收入                                     
366258341155  20190517                           20190517            511.50   停车收入                                     
366258341155  20190518                           20190518            208.50   104330880629409-龙游县中医医院-微信支付宝入账
366258341155  20190518                           20190518         26,220.60   104330880629401-龙游县中医医院-微信支付宝入账
366258341155  20190518                           20190518          2,704.50   104330880629408-龙游县中医医院-微信支付宝入账
366258341155  20190518                           20190518         26,928.25   104330880629415-龙游县中医医院-微信支付宝入账
366258341155  20190518                           20190518            531.00   门诊收入停车费                               
366258341155  20190518                           20190518          2,874.81   门诊收入                                     
366258341155  20190518                           20190518          8,502.05   门诊收入                                     
366258341155  20190518                           20190518          1,663.07   门诊收入                                     
366258341155  20190518                           20190518          9,858.54   门诊收入                                     
366258341155  20190518                           20190518         53,000.00   住院收入                                     
366258341155  20190518                           20190518          3,956.19   住院收入                                     
366258341155  20190519                           20190519            195.50   104330880629409-龙游县中医医院-微信支付宝入账
366258341155  20190519                           20190519         24,306.99   104330880629415-龙游县中医医院-微信支付宝入账
366258341155  20190519                           20190519         20,619.10   104330880629401-龙游县中医医院-微信支付宝入账
366258341155  20190519                           20190519          8,061.29   门诊收入                                     
366258341155  20190519                           20190519         11,918.51   门诊收入                                     
366258341155  20190519                           20190519            497.50   停车收入                                     
366258341155  20190519                           20190519         17,123.97   门诊收入                                     
366258341155  20190519                           20190519          8,836.67   门诊收入                                     
366258341155  20190519                           20190519          3,417.91   门诊收入                                     
366258341155  20190519                           20190519         22,400.00   住院收入                                     
366258341155  20190519                           20190519          2,486.93   住院收入                                     
366258341155  20190520                           20190520        511,097.70   HVPS402341400401  2019052014084417/106501-201
366258341155  20190520                           20190520          7,971.37   4335304000104330880629415190518000007     0.0
366258341155  20190520                           20190520          4,290.90   4335304000104330880629401190518000006     0.0
366258341155  20190520                           20190520          7,531.61   4335304000104330880629415190519000006     0.0
366258341155  20190520                           20190520            773.37   4335304000104330880629401190519000004     0.0
366258341155  20190520                           20190520          3,655.54   4335304000104330880629401190520000012     0.0
366258341155  20190520                           20190520         13,128.21   4335304000104330880629415190520000010     0.0
366258341155  20190520                           20190520        571,646.07   HVPS104341400365  2019052057829900/医保款/医 
366258341155  20190520                           20190520             20.00   对公跨行转账汇款手续费                       
366258341155  20190520                           20190520         19,420.00   BEPS104341400365  2019052096840111/效益工资/ 
366258341155  20190520                           20190520             10.00   对公跨行转账汇款手续费                       
366258341155  20190520                           20190520         34,120.57   BEPS104341400365  2019052096840134/药款/药款 
366258341155  20190520                           20190520             10.00   对公跨行转账汇款手续费                       
366258341155  20190520                           20190520            800.00   BEPS104341400365  2019052096840147/会计证培训
366258341155  20190520                           20190520              5.00   对公跨行转账汇款手续费                       
366258341155  20190520                           20190520            210.00   A0065263C12019052000001001/OBSS020476996945GI
366258341155  20190520                           20190520         17,359.90   104330880629415-龙游县中医医院-微信支付宝入账
366258341155  20190520                           20190520         20,834.63   104330880629401-龙游县中医医院-微信支付宝入账
366258341155  20190520                           20190520            148.50   104330880629409-龙游县中医医院-微信支付宝入账
366258341155  20190520                           20190520          5,039.41   A0065263C12019052000001002/OBSS020585343755GI
366258341155  20190520                           20190520          3,368.79   门诊收入                                     
366258341155  20190520                           20190520          7,359.78   门诊收入                                     
366258341155  20190520                           20190520         15,313.74   门诊收入                                     
366258341155  20190520                           20190520         16,976.11   门诊收入                                     
366258341155  20190520                           20190520         11,315.39   门诊收入                                     
366258341155  20190520                           20190520            477.00   停车收入                                     
366258341155  20190520                           20190520         24,000.00   住院收入                                     
366258341155  20190520                           20190520          8,614.66   住院收入                                     
366258341155  20190520                           20190520          1,430.00   BEPS308341470030  2019052067138655/体检费    
366258341155  20190520                           20190520         25,933.58   165723435                                    
366258341155  20190521                           20190521          1,832.87   4335304000104330880629401190521000008     0.0
366258341155  20190521                           20190521          4,177.11   4335304000104330880629415190521000005     0.0
366258341155  20190521                           20190521          7,998.00   1040331006635315                             
366258341155  20190521                           20190521              0.50   停车收入                                     
366258341155  20190521                           20190521          7,811.40   门诊收入                                     
366258341155  20190521                           20190521         14,323.50   104330880629401-龙游县中医医院-微信支付宝入账
366258341155  20190521                           20190521          1,835.00   104330880629408-龙游县中医医院-微信支付宝入账
366258341155  20190521                           20190521         24,483.51   104330880629415-龙游县中医医院-微信支付宝入账
366258341155  20190521                           20190521            240.50   104330880629409-龙游县中医医院-微信支付宝入账
366258341155  20190521                           20190521         23,000.00   承包款                                       
366258341155  20190521                           20190521         17,941.50   BEPS402341400268  2019052114695474/曹文华五金
366258341155  20190521                           20190521          1,676.66   住院收入                                     
366258341155  20190521                           20190521         37,000.00   住院收入                                     
366258341155  20190521                           20190521         18,515.74   门诊收入                                     
366258341155  20190521                           20190521         14,443.56   门诊收入                                     
366258341155  20190521                           20190521            100.00   住院收入                                     
366258341155  20190521                           20190521         19,571.54   门诊收入                                     
366258341155  20190521                           20190521         12,398.97   门诊收入                                     
366258341155  20190521                           20190521          3,362.59   门诊收入                                     
366258341155  20190521                           20190521          3,875.10   门诊收入                                     
366258341155  20190521                           20190521            641.50   停车收入                                     
366258341155  20190521                           20190521         14,607.30   BEPS402341400014  2019052114747158/水费      
366258341155  20190522                           20190522          2,390.30   4335304000104330880629401190522000005     0.0
366258341155  20190522                           20190522          5,000.00   4335304000104330880629415190522000003     0.0
366258341155  20190522                           20190522         22,871.17   104330880629401-龙游县中医医院-微信支付宝入账
366258341155  20190522                           20190522             64.50   104330880629409-龙游县中医医院-微信支付宝入账
366258341155  20190522                           20190522         31,874.10   104330880629415-龙游县中医医院-微信支付宝入账
366258341155  20190522                           20190522            739.00   104330880629408-龙游县中医医院-微信支付宝入账
366258341155  20190522                           20190522          7,800.00   BEPS102290018269  2019052242202962/3905228476
366258341155  20190522                           20190522          5,084.27   住院收入                                     
366258341155  20190522                           20190522         34,000.00   住院收入                                     
366258341155  20190522                           20190522            559.50   停车收入                                     
366258341155  20190522                           20190522          3,168.05   门诊收入                                     
366258341155  20190522                           20190522          6,470.14   门诊收入                                     
366258341155  20190522                           20190522         10,465.98   门诊收入                                     
366258341155  20190522                           20190522         13,023.15   门诊收入                                     
366258341155  20190522                           20190522         12,825.00   BEPS402341400276  2019052214961577/其它      
366258341155  20190523                           20190523         17,061.52   4335304000104330880629415190523000005     0.0
366258341155  20190523                           20190523            898.21   4335304000104330880629401190523000005     0.0
366258341155  20190523                           20190523         14,946.48   BEPS402341400014  2019052315182507/县退役军人
366258341155  20190523                           20190523         20,400.00   BEPS105331000000  2019052337851059/2018年度供
366258341155  20190523                           20190523          1,672.00   104330880629408-龙游县中医医院-微信支付宝入账
366258341155  20190523                           20190523         12,443.99   104330880629415-龙游县中医医院-微信支付宝入账
366258341155  20190523                           20190523         16,846.29   104330880629401-龙游县中医医院-微信支付宝入账
366258341155  20190523                           20190523          1,820.75   BEPS102341020006  2019052343792914/特殊群体7 
366258341155  20190523                           20190523          7,200.00                                                
366258341155  20190523                           20190523         30,000.00   住院收入                                     
366258341155  20190523                           20190523          6,503.21   住院收入                                     
366258341155  20190523                           20190523         18,873.20   门诊收入                                     
366258341155  20190523                           20190523         12,807.31   门诊收入                                     
366258341155  20190523                           20190523            598.50   停车收入                                     
366258341155  20190523                           20190523         11,396.09   门诊收入                                     
366258341155  20190523                           20190523          7,627.29   门诊收入                                     
366258341155  20190523                           20190523          2,487.75   门诊收入                                     
366258341155  20190524                           20190524          5,068.34   4335304000104330880629401190524000013     0.0
366258341155  20190524                           20190524         14,052.32   4335304000104330880629415190524000011     0.0
366258341155  20190524                           20190524         98,420.80   HVPS103341079999  2019052427975185/省内异地就
366258341155  20190524                           20190524          4,920.00   驾驶员体检费                                 
366258341155  20190524                           20190524         22,026.02   104330880629401-龙游县中医医院-微信支付宝入账
366258341155  20190524                           20190524         11,370.85   104330880629415-龙游县中医医院-微信支付宝入账
366258341155  20190524                           20190524             64.50   104330880629409-龙游县中医医院-微信支付宝入账
366258341155  20190524                           20190524            499.50   停车费                                       
366258341155  20190524                           20190524          7,806.24   门诊收入                                     
366258341155  20190524                           20190524          3,806.39   住院收入                                     
366258341155  20190524                           20190524          3,538.20   门诊收入                                     
366258341155  20190524                           20190524          3,091.68   门诊收入                                     
366258341155  20190524                           20190524         15,002.69   门诊收入                                     
366258341155  20190524                           20190524         13,067.71   门诊收入                                     
366258341155  20190524                           20190524            220.00   门诊收入                                     
366258341155  20190524                           20190524          8,170.31   门诊收入                                     
366258341155  20190524                           20190524         58,000.00   住院收入                                     
366258341155  20190524                           20190524         12,655.00   BEPS402341400276  2019052415605598/其它      
366258341155  20190524                           20190524         12,820.00   BEPS402341400276  2019052415606520/其它      
366258341155  20190524                           20190524          6,710.00   BEPS402341400276  2019052415606059/其它      
366258341155  20190524                           20190524            107.35   BEPS103341074015  2019052512174597/职工医药费
366258341155  20190524                           20190524          9,127.00   BEPS103341074015  2019052512174536/职工医药费
366258341155  20190524                           20190524             95.15   BEPS103341074015  2019052512174598/职工医药费
366258341155  20190525                           20190525            162.30   104330880629409-龙游县中医医院-微信支付宝入账
366258341155  20190525                           20190525          2,835.50   104330880629408-龙游县中医医院-微信支付宝入账
366258341155  20190525                           20190525         24,048.47   104330880629401-龙游县中医医院-微信支付宝入账
366258341155  20190525                           20190525         23,770.04   104330880629415-龙游县中医医院-微信支付宝入账
366258341155  20190525                           20190525         26,128.77   门诊收入                                     
366258341155  20190525                           20190525          4,160.65   门诊收入                                     
366258341155  20190525                           20190525            446.70   停车收入                                     
366258341155  20190525                           20190525          7,618.53   门诊收入                                     
366258341155  20190525                           20190525         14,055.20   门诊收入                                     
366258341155  20190525                           20190525         19,721.22   门诊收入                                     
366258341155  20190525                           20190525          1,574.00   充电桩电费                                   
366258341155  20190525                           20190525          3,283.87   住院收入                                     
366258341155  20190525                           20190525          4,566.12                                                
366258341155  20190525                           20190525         38,700.00   住院收入                                     
366258341155  20190526                           20190526            208.50   104330880629409-龙游县中医医院-微信支付宝入账
366258341155  20190526                           20190526         14,782.30   104330880629401-龙游县中医医院-微信支付宝入账
366258341155  20190526                           20190526         24,495.78   104330880629415-龙游县中医医院-微信支付宝入账
366258341155  20190526                           20190526            121.30   门诊收入                                     
366258341155  20190526                           20190526          4,486.06   门诊收入                                     
366258341155  20190526                           20190526         10,092.69   门诊收入                                     
366258341155  20190526                           20190526          2,149.75   门诊收入                                     
366258341155  20190526                           20190526         14,461.31   门诊收入                                     
366258341155  20190526                           20190526            232.50   停车收入                                     
366258341155  20190526                           20190526         24,000.00   住院收入                                     
366258341155  20190526                           20190526          6,635.18   住院收入                                     
366258341155  20190527                           20190527         17,022.50   4335304000104330880629415190525000009     0.0
366258341155  20190527                           20190527          6,903.59   4335304000104330880629401190525000018     0.0
366258341155  20190527                           20190527          9,380.30   4335304000104330880629415190526000006     0.0
366258341155  20190527                           20190527          3,837.43   4335304000104330880629401190526000010     0.0
366258341155  20190527                           20190527          4,668.52   4335304000104330880629401190527000008     0.0
366258341155  20190527                           20190527         13,176.39   4335304000104330880629415190527000007     0.0
366258341155  20190527                           20190527          3,528.00   A0065263C12019052700001001/OBSS020728419392GI
366258341155  20190527                           20190527          8,600.00   BEPS104341400365  2019052700609906/劳务费/劳 
366258341155  20190527                           20190527              5.00   对公跨行转账汇款手续费                       
366258341155  20190527                           20190527          9,767.00   BEPS104341400365  2019052700609914/技术服务费
366258341155  20190527                           20190527              5.00   对公跨行转账汇款手续费                       
366258341155  20190527                           20190527          6,020.00   BEPS104341400365  2019052700609910/劳务费/劳 
366258341155  20190527                           20190527              5.00   对公跨行转账汇款手续费                       
366258341155  20190527                           20190527          7,230.00   BEPS104341400365  2019052700609921/化验费/化 
366258341155  20190527                           20190527              5.00   对公跨行转账汇款手续费                       
366258341155  20190527                           20190527          4,023.00   BEPS104341400365  2019052700609937/技术服务费
366258341155  20190527                           20190527              5.00   对公跨行转账汇款手续费                       
366258341155  20190527                           20190527          5,363.00   BEPS104341400365  2019052700609949/技术服务费
366258341155  20190527                           20190527              5.00   对公跨行转账汇款手续费                       
366258341155  20190527                           20190527          5,363.00   BEPS104341400365  2019052700610006/技术服务费
366258341155  20190527                           20190527              5.00   对公跨行转账汇款手续费                       
366258341155  20190527                           20190527          5,363.00   BEPS104341400365  2019052700610026/技术服务费
366258341155  20190527                           20190527              5.00   对公跨行转账汇款手续费                       
366258341155  20190527                           20190527         24,835.95   104330880629401-龙游县中医医院-微信支付宝入账
366258341155  20190527                           20190527            172.50   104330880629409-龙游县中医医院-微信支付宝入账
366258341155  20190527                           20190527         39,218.67   104330880629415-龙游县中医医院-微信支付宝入账
366258341155  20190527                           20190527          1,208.39   BEPS104341400365  2019052700753145/卫材/卫材 
366258341155  20190527                           20190527              5.00   对公跨行转账汇款手续费                       
366258341155  20190527                           20190527          7,817.00   BEPS104341400365  2019052700753141/卫材/卫材 
366258341155  20190527                           20190527              5.00   对公跨行转账汇款手续费                       
366258341155  20190527                           20190527         33,508.80   BEPS104341400365  2019052700753149/卫材/卫材 
366258341155  20190527                           20190527             10.00   对公跨行转账汇款手续费                       
366258341155  20190527                           20190527         59,980.00   HVPS104341400365  2019052759266406/卫材/卫材 
366258341155  20190527                           20190527             10.00   对公跨行转账汇款手续费                       
366258341155  20190527                           20190527         32,422.50   BEPS104341400365  2019052700756487/药款/药款 
366258341155  20190527                           20190527             10.00   对公跨行转账汇款手续费                       
366258341155  20190527                           20190527         21,789.00   BEPS104341400365  2019052700756489/卫材/卫材 
366258341155  20190527                           20190527             10.00   对公跨行转账汇款手续费                       
366258341155  20190527                           20190527          9,200.00   BEPS104341400365  2019052700756494/卫材/卫材 
366258341155  20190527                           20190527              5.00   对公跨行转账汇款手续费                       
366258341155  20190527                           20190527            820.00   BEPS104341400365  2019052700756479/药款/药款 
366258341155  20190527                           20190527              5.00   对公跨行转账汇款手续费                       
366258341155  20190527                           20190527         10,545.75   BEPS104341400365  2019052700756488/药款/药款 
366258341155  20190527                           20190527             10.00   对公跨行转账汇款手续费                       
366258341155  20190527                           20190527        214,614.90   HVPS104341400365  2019052759268138/卫材/卫材 
366258341155  20190527                           20190527             15.00   对公跨行转账汇款手续费                       
366258341155  20190527                           20190527         67,461.66   HVPS104341400365  2019052759268141/药款/药款 
366258341155  20190527                           20190527             10.00   对公跨行转账汇款手续费                       
366258341155  20190527                           20190527          8,721.00   BEPS104341400365  2019052700756516/药款/药款 
366258341155  20190527                           20190527              5.00   对公跨行转账汇款手续费                       
366258341155  20190527                           20190527          3,052.20   BEPS104341400365  2019052700756521/药款/药款 
366258341155  20190527                           20190527              5.00   对公跨行转账汇款手续费                       
366258341155  20190527                           20190527          4,567.36   BEPS104341400365  2019052700756527/卫材/卫材 
366258341155  20190527                           20190527              5.00   对公跨行转账汇款手续费                       
366258341155  20190527                           20190527         23,500.00   BEPS104341400365  2019052700756834/药款/药款 
366258341155  20190527                           20190527             10.00   对公跨行转账汇款手续费                       
366258341155  20190527                           20190527          5,000.00   HVPS102341020006  2019052776466606/4楼26床   
366258341155  20190527                           20190527          3,267.37   门诊收入                                     
366258341155  20190527                           20190527          2,993.53   门诊收入                                     
366258341155  20190527                           20190527              0.03   门诊收入                                     
366258341155  20190527                           20190527         17,833.36   门诊收入                                     
366258341155  20190527                           20190527          7,860.52   门诊收入                                     
366258341155  20190527                           20190527          2,188.44   门诊收入                                     
366258341155  20190527                           20190527            372.00   停车收入                                     
366258341155  20190527                           20190527         28,000.00   住院收入                                     
366258341155  20190527                           20190527            905.11   住院收入                                     
366258341155  20190528                           20190528          7,380.92   4335304000104330880629415190528000005     0.0
366258341155  20190528                           20190528          7,924.39   4335304000104330880629401190528000014     0.0
366258341155  20190528                           20190528          8,171.60   085452484/一户通                             
366258341155  20190528                           20190528         10,672.83   085455014/一户通                             
366258341155  20190528                           20190528        139,462.56   085441780/一户通                             
366258341155  20190528                           20190528          4,340.00   085449615/一户通                             
366258341155  20190528                           20190528        112,897.00   085447054/一户通                             
366258341155  20190528                           20190528          9,180.00   085452529/一户通                             
366258341155  20190528                           20190528          4,340.00   085444896/一户通                             
366258341155  20190528                           20190528         56,021.00   085438860/一户通                             
366258341155  20190528                           20190528          5,843.20   085441832/一户通                             
366258341155  20190528                           20190528         12,240.00   085438864/一户通                             
366258341155  20190528                           20190528          4,426.00   085457279/一户通                             
366258341155  20190528                           20190528         29,529.36   085441886/一户通                             
366258341155  20190528                           20190528         20,430.80   085457280/一户通                             
366258341155  20190528                           20190528         23,979.80   085455126/一户通                             
366258341155  20190528                           20190528         33,270.70   085457336/一户通                             
366258341155  20190528                           20190528         41,277.50   085455155/一户通                             
366258341155  20190528                           20190528         12,864.00   085452685/一户通                             
366258341155  20190528                           20190528         51,559.00   085441938/一户通                             
366258341155  20190528                           20190528        617,541.16   085449788/一户通                             
366258341155  20190528                           20190528          9,308.00   085452738/一户通                             
366258341155  20190528                           20190528        335,675.30   085455193/一户通                             
366258341155  20190528                           20190528          8,498.00   085447233/一户通                             
366258341155  20190528                           20190528        135,644.82   085455243/一户通                             
366258341155  20190528                           20190528         13,593.15   085457414/一户通                             
366258341155  20190528                           20190528        139,796.62   085463050/一户通                             
366258341155  20190528                           20190528        186,789.10   085457439/一户通                             
366258341155  20190528                           20190528        196,414.03   085447295/一户通                             
366258341155  20190528                           20190528          1,654.60   BEPS105341374353  2019052843636798/刷卡费龙游
366258341155  20190528                           20190528          4,752.36   住院收入                                     
366258341155  20190528                           20190528         46,000.00   住院收入                                     
366258341155  20190528                           20190528            346.50   停车收入                                     
366258341155  20190528                           20190528         14,006.85   门诊收入                                     
366258341155  20190528                           20190528          3,771.13   门诊收入                                     
366258341155  20190528                           20190528          9,869.41   门诊收入                                     
366258341155  20190528                           20190528            305.67   门诊收入                                     
366258341155  20190528                           20190528          3,558.52   门诊收入                                     
366258341155  20190528                           20190528         22,766.91   门诊收入                                     
366258341155  20190529                           20190529            200.00   4335304000104330880629408190529000001     0.0
366258341155  20190529                           20190529          1,820.19   4335304000104330880629401190529000006     0.0
366258341155  20190529                           20190529         12,513.50   4335304000104330880629415190529000007     0.0
366258341155  20190529                           20190529         34,723.51                                                
366258341155  20190529                           20190529         31,766.63                                                
366258341155  20190529                           20190529            210.00                                                
366258341155  20190529                           20190529         28,370.14                                                
366258341155  20190529                           20190529         15,702.11                                                
366258341155  20190529                           20190529          2,997.20                                                
366258341155  20190529                           20190529          2,263.00                                                
366258341155  20190529                           20190529            214.50                                                
366258341155  20190529                           20190529          1,640.50   A0065263C12019052900001001/OBSS020872052413GI
366258341155  20190529                           20190529          1,200.00   A0065263C12019052900001003/OBSS020843313005GI
366258341155  20190529                           20190529          1,995.80   A0065263C12019052900001002/OBSS020854805580GI
366258341155  20190529                           20190529          2,600.00   BEPS104341400365  2019052902307339/柜/柜     
366258341155  20190529                           20190529              5.00   对公跨行转账汇款手续费                       
366258341155  20190529                           20190529         16,336.00   BEPS104341400365  2019052902307329/餐费/餐费 
366258341155  20190529                           20190529             10.00   对公跨行转账汇款手续费                       
366258341155  20190529                           20190529          2,625.00   BEPS104341400365  2019052902307341/餐费/餐费 
366258341155  20190529                           20190529              5.00   对公跨行转账汇款手续费                       
366258341155  20190529                           20190529          1,164.00   BEPS104341400365  2019052902307355/感应器等/ 
366258341155  20190529                           20190529              5.00   对公跨行转账汇款手续费                       
366258341155  20190529                           20190529          4,327.00   BEPS104341400365  2019052902307364/地毯等/地 
366258341155  20190529                           20190529              5.00   对公跨行转账汇款手续费                       
366258341155  20190529                           20190529         25,078.00   BEPS104341400365  2019052902310881/电脑耗材/ 
366258341155  20190529                           20190529             10.00   对公跨行转账汇款手续费                       
366258341155  20190529                           20190529          9,740.00   BEPS104341400365  2019052902310876/沙发等/沙 
366258341155  20190529                           20190529              5.00   对公跨行转账汇款手续费                       
366258341155  20190529                           20190529         26,049.00   BEPS104341400365  2019052902310890/被服用品/ 
366258341155  20190529                           20190529             10.00   对公跨行转账汇款手续费                       
366258341155  20190529                           20190529         10,999.40   BEPS104341400365  2019052902310903/餐具/餐具 
366258341155  20190529                           20190529             10.00   对公跨行转账汇款手续费                       
366258341155  20190529                           20190529         18,450.00   BEPS104341400365  2019052902310944/仓架等/仓 
366258341155  20190529                           20190529             10.00   对公跨行转账汇款手续费                       
366258341155  20190529                           20190529          2,056.00   BEPS104341400365  2019052902310953/生活用品/ 
366258341155  20190529                           20190529              5.00   对公跨行转账汇款手续费                       
366258341155  20190529                           20190529          5,538.50   BEPS104341400365  2019052902310980/印刷品/印 
366258341155  20190529                           20190529              5.00   对公跨行转账汇款手续费                       
366258341155  20190529                           20190529         14,030.00   BEPS104341400365  2019052902311000/背心袋/背 
366258341155  20190529                           20190529             10.00   对公跨行转账汇款手续费                       
366258341155  20190529                           20190529         26,400.00   BEPS104341400365  2019052902311010/服务费/服 
366258341155  20190529                           20190529             10.00   对公跨行转账汇款手续费                       
366258341155  20190529                           20190529          4,000.00   BEPS104341400365  2019052902319034/律师代理费
366258341155  20190529                           20190529              5.00   对公跨行转账汇款手续费                       
366258341155  20190529                           20190529          1,090.00   BEPS104341400365  2019052902319040/床垫/床垫 
366258341155  20190529                           20190529              5.00   对公跨行转账汇款手续费                       
366258341155  20190529                           20190529         24,000.00   BEPS104341400365  2019052902319066/洗涤费/洗 
366258341155  20190529                           20190529             10.00   对公跨行转账汇款手续费                       
366258341155  20190529                           20190529          2,600.00   BEPS104341400365  2019052902319060/服务费/服 
366258341155  20190529                           20190529              5.00   对公跨行转账汇款手续费                       
366258341155  20190529                           20190529          5,800.00   BEPS104341400365  2019052902319065/服务费/服 
366258341155  20190529                           20190529              5.00   对公跨行转账汇款手续费                       
366258341155  20190529                           20190529         19,950.00   BEPS104341400365  2019052902319085/医用氧/医 
366258341155  20190529                           20190529             10.00   对公跨行转账汇款手续费                       
366258341155  20190529                           20190529          4,200.00   BEPS104341400365  2019052902319091/卫材/卫材 
366258341155  20190529                           20190529              5.00   对公跨行转账汇款手续费                       
366258341155  20190529                           20190529          2,560.00   BEPS104341400365  2019052902319096/卫材/卫材 
366258341155  20190529                           20190529              5.00   对公跨行转账汇款手续费                       
366258341155  20190529                           20190529          2,000.00   BEPS104341400365  2019052902319114/服务费/服 
366258341155  20190529                           20190529              5.00   对公跨行转账汇款手续费                       
366258341155  20190529                           20190529          1,000.00   BEPS104341400365  2019052902319126/保质款/保 
366258341155  20190529                           20190529              5.00   对公跨行转账汇款手续费                       
366258341155  20190529                           20190529          4,000.00   BEPS104341400365  2019052902319132/卫材/卫材 
366258341155  20190529                           20190529              5.00   对公跨行转账汇款手续费                       
366258341155  20190529                           20190529          8,000.00   BEPS104341400365  2019052902319150/卫材/卫材 
366258341155  20190529                           20190529              5.00   对公跨行转账汇款手续费                       
366258341155  20190529                           20190529         23,500.00   BEPS104341400365  2019052902319161/卫材/卫材 
366258341155  20190529                           20190529             10.00   对公跨行转账汇款手续费                       
366258341155  20190529                           20190529          1,600.00   BEPS104341400365  2019052902319177/维修费/维 
366258341155  20190529                           20190529              5.00   对公跨行转账汇款手续费                       
366258341155  20190529                           20190529         19,600.00   BEPS104341400365  2019052902319185/卫材/卫材 
366258341155  20190529                           20190529             10.00   对公跨行转账汇款手续费                       
366258341155  20190529                           20190529            315.00   BEPS104341400365  2019052902319200/卫材/卫材 
366258341155  20190529                           20190529              5.00   对公跨行转账汇款手续费                       
366258341155  20190529                           20190529         14,800.00   BEPS104341400365  2019052902319201/卫材/卫材 
366258341155  20190529                           20190529             10.00   对公跨行转账汇款手续费                       
366258341155  20190529                           20190529          3,500.00   BEPS104341400365  2019052902319206/卫材/卫材 
366258341155  20190529                           20190529              5.00   对公跨行转账汇款手续费                       
366258341155  20190529                           20190529          8,000.00   BEPS104341400365  2019052902319208/卫材/卫材 
366258341155  20190529                           20190529              5.00   对公跨行转账汇款手续费                       
366258341155  20190529                           20190529         36,000.00   住院收入                                     
366258341155  20190529                           20190529          2,342.76   住院收入                                     
366258341155  20190529                           20190529            375.00   停车收入                                     
366258341155  20190529                           20190529              7.00   门诊收入                                     
366258341155  20190529                           20190529         16,207.71   门诊收入                                     
366258341155  20190529                           20190529          8,383.39   门诊收入                                     
366258341155  20190529                           20190529          2,804.63   门诊收入                                     
366258341155  20190529                           20190529          5,742.68   门诊收入                                     
366258341155  20190529                           20190529         13,871.35   门诊收入                                     
366258341155  20190529                           20190529          6,599.51   门诊收入                                     
366258341155  20190529                           20190529         25,933.85   BEPS402341400006  2019053017137881/四月合作医
366258341155  20190529                           20190529         26,195.28   BEPS102341020006  2019053053384090/特殊人员医
366258341155  20190529                           20190529             86.62   BEPS102341020006  2019053053384096/特殊人员医
366258341155  20190529                           20190529            128.13   BEPS102341020006  2019053053384098/特殊人员医
366258341155  20190529                           20190529         81,462.17   HVPS402341400006  2019053017137908/四月合作医
366258341155  20190529                           20190529        196,271.06   HVPS102341020006  2019053081613368/四月民政拨
366258341155  20190530                           20190530          4,049.62   4335304000104330880629401190530000012     0.0
366258341155  20190530                           20190530         31,169.61   4335304000104330880629415190530000014     0.0
366258341155  20190530                           20190530         61,927.86   HVPS402341400006  2019053017213388/四月合作医
366258341155  20190530                           20190530      2,239,948.56   HVPS402341400006  2019053017229776/四月合作医
366258341155  20190530                           20190530            293.91   BEPS402341400006  2019053017229728/四月合作医
366258341155  20190530                           20190530          1,774.28   BEPS402341400006  2019053017229730/四月合作医
366258341155  20190530                           20190530        109,367.59   HVPS402341400006  2019053017251931/4月合作医 
366258341155  20190530                           20190530      1,800,680.83   HVPS102341020006  2019053082525044/医药费107 
366258341155  20190530                           20190530            240.00                                                
366258341155  20190530                           20190530         19,890.82                                                
366258341155  20190530                           20190530          4,305.40                                                
366258341155  20190530                           20190530         42,405.22                                                
366258341155  20190530                           20190530         65,034.37   HVPS102341020006  2019053082805784/医药费176 
366258341155  20190530                           20190530         53,266.64   HVPS102341020006  2019053082805416/医药费175 
366258341155  20190530                           20190530            805.00   BEPS402341001005  2019053017358623/201904农保
366258341155  20190530                           20190530          2,031.37   门诊收入                                     
366258341155  20190530                           20190530          5,924.01   门诊收入                                     
366258341155  20190530                           20190530          2,478.91   门诊收入                                     
366258341155  20190530                           20190530         13,137.71   门诊收入                                     
366258341155  20190530                           20190530            334.50   停车费                                       
366258341155  20190530                           20190530          8,980.85   门诊收入                                     
366258341155  20190530                           20190530          4,383.19   住院收入                                     
366258341155  20190530                           20190530         20,000.00   住院收入                                     
366258341155  20190530                           20190530         12,794.70   门诊收入                                     
366258341155  20190531                           20190531         11,015.50   4335304000104330880629415190531000009     0.0
366258341155  20190531                           20190531          2,998.84   4335304000104330880629401190531000014     0.0
366258341155  20190531                           20190531             70.00   BEPS403341300024  2019053107592635/4月报销款 
366258341155  20190531                           20190531          9,500.00   1040331006635316                             
366258341155  20190531                           20190531            349.00   卫生材料款                                   
366258341155  20190531                           20190531          1,945.00   收回多付工程款                               
366258341155  20190531                           20190531          8,580.40   门诊收入                                     
366258341155  20190531                           20190531            500.00   住院收入                                     
366258341155  20190531                           20190531          4,000.00   住院收入                                     
366258341155  20190531                           20190531          4,905.00   驾驶员体检费                                 
366258341155  20190531                           20190531            252.00                                                
366258341155  20190531                           20190531         25,344.61                                                
366258341155  20190531                           20190531            691.00                                                
366258341155  20190531                           20190531         37,029.45                                                
366258341155  20190531                           20190531         13,607.95   住院收入                                     
366258341155  20190531                           20190531         25,900.00   住院收入                                     
366258341155  20190531                           20190531            363.00   停车收入                                     
366258341155  20190531                           20190531         11,776.73   门诊收入                                     
366258341155  20190531                           20190531          2,936.77   门诊收入                                     
366258341155  20190531                           20190531          1,252.82   门诊收入                                     
366258341155  20190531                           20190531          1,477.55   门诊收入                                     